HEDERA_PRIVATE_KEY=3030020100300706052b8104000a0422042041d5effc45e78cc1efec244a5de9520743f1ddd5b70b2a7f842ac63928d5e4e5
HEDERA_ACCOUNT_ID=0.0.5492800
HEDERA_TOPIC_ID=0.0.6156329

MONGODB_URI=mongodb://localhost:27017/organ-matching


PORT=3000